UF	AGE	POP_80	DEATH_80	POP_91	DEATH_91	POP_00	DEATH_00	POP_10	DEATH_10	
1	11	0	10026	556	15841	521	15326	425	12739	264
28	11	1	33801	203	63170	110	63914	66	52115	37
55	11	5	37658	54	79026	30	81330	38	71216	29
82	11	10	33235	29	75034	55	81948	46	79940	32
109	11	15	28180	56	63671	120	79605	120	78756	132
136	11	20	24429	86	56590	156	69200	204	76790	241
163	11	25	20321	99	52448	193	58361	191	73349	217
190	11	30	16385	87	43665	173	55546	217	66371	236
217	11	35	13072	98	34675	173	50530	173	57891	178
244	11	40	11596	86	27257	118	40261	198	54364	238
271	11	45	8930	74	20584	129	30810	188	47198	282
298	11	50	7746	92	16857	158	23619	234	37245	297
325	11	55	5486	72	12917	160	17673	207	28045	303
352	11	60	3785	88	10169	174	14573	258	20627	327
379	11	65	2540	68	7158	186	10625	273	14731	365
406	11	70	1190	64	4039	161	7344	245	10744	449
433	11	75	538	43	2054	129	4212	248	6775	373
460	11	80	224	47	1340	178	3263	343	6261	650
2	12	0	6208	208	6382	206	7721	301	7457	162
29	12	1	21972	44	24792	39	31468	43	32018	24
56	12	5	23979	28	31932	22	35845	29	42008	8
83	12	10	20551	12	30048	28	34383	12	44447	21
110	12	15	16865	29	23295	49	33570	58	38440	66
137	12	20	13555	39	19110	45	28196	76	35188	67
164	12	25	11082	50	15456	63	21949	73	33369	78
191	12	30	8444	25	13122	62	18780	55	29128	89
218	12	35	6987	39	11092	51	15389	80	23836	82
245	12	40	6321	32	9061	40	13005	57	19940	74
272	12	45	4724	30	6922	47	10387	63	15765	101
299	12	50	4319	46	5437	64	8030	70	12883	99
326	12	55	3347	37	4106	53	6164	75	10218	113
353	12	60	2331	40	3683	71	5034	83	7713	122
380	12	65	2126	46	3008	82	3891	87	5757	123
407	12	70	1151	68	1999	87	3076	116	4085	138
434	12	75	563	55	1264	85	2036	103	2816	151
461	12	80	354	55	865	133	2059	189	3256	321
3	13	0	29328	1170	27859	812	38322	1019	37222	656
30	13	1	105112	251	123959	171	157210	219	151286	158
57	13	5	111384	69	162301	74	185710	78	195961	73
84	13	10	94045	65	151331	68	171551	70	203204	77
111	13	15	79099	116	120413	188	167073	219	182739	291
138	13	20	64665	154	97192	222	144454	335	170186	474
165	13	25	51902	125	82068	207	116232	256	161251	439
192	13	30	40637	95	70707	178	96648	235	142484	374
219	13	35	32885	99	55916	167	84359	268	116779	365
246	13	40	29906	153	45770	188	67091	253	98237	356
273	13	45	22570	132	32978	179	52265	286	80095	389
300	13	50	18644	146	26719	176	38171	296	63713	446
327	13	55	13903	146	19051	187	28369	320	48371	490
354	13	60	10124	164	16058	226	22565	346	34510	545
381	13	65	8661	224	12201	281	17144	401	25717	515
408	13	70	4940	210	7680	227	12121	475	17663	608
435	13	75	2542	148	4863	241	7887	437	11747	597
462	13	80	1145	139	3599	322	7195	734	12014	1186
4	14	0	1568	112	2972	88	4257	89	4783	63
31	14	1	5480	16	12175	22	18011	31	19536	20
58	14	5	5777	5	15165	12	21172	15	25254	5
85	14	10	4873	2	12794	12	19779	9	26321	13
112	14	15	4332	5	11142	22	18848	50	23737	40
139	14	20	3764	9	13551	31	16075	59	21828	53
166	14	25	3506	7	14544	54	13470	49	21398	55
193	14	30	2845	7	11203	35	12386	57	18326	72
220	14	35	2002	6	7721	29	10929	46	14909	50
247	14	40	1710	10	6037	21	8830	51	13039	54
274	14	45	1355	13	3937	19	6859	45	11142	58
301	14	50	1270	8	3003	20	5040	36	8831	71
328	14	55	1004	16	1960	16	3360	47	6719	77
355	14	60	686	9	1513	38	2597	51	4942	66
382	14	65	469	7	1115	25	1764	43	3213	70
409	14	70	281	3	658	18	1214	39	2200	76
436	14	75	121	9	408	12	779	43	1334	63
463	14	80	70	10	299	20	667	66	1347	130
5	15	0	65088	2754	70751	1547	77259	1802	72285	1454
32	15	1	235234	626	290607	420	318792	364	303131	277
59	15	5	257427	191	366078	188	389664	135	397851	167
86	15	10	224097	158	337416	135	382467	134	425547	173
113	15	15	186918	263	280345	303	371238	380	396977	884
140	15	20	159596	347	230595	443	312171	521	375541	1269
167	15	25	128077	374	190137	424	252511	462	352748	1165
194	15	30	99147	254	164506	428	214968	513	310021	1039
221	15	35	83120	298	135473	396	185800	541	259525	875
248	15	40	73333	353	110873	415	155518	582	221142	900
275	15	45	56143	324	86083	414	125771	589	179840	977
302	15	50	46833	393	69345	511	96586	629	148706	1086
329	15	55	33444	395	51493	544	75341	760	117257	1149
356	15	60	24492	401	42437	612	60172	804	88058	1267
383	15	65	23267	545	31188	664	44898	958	67039	1377
410	15	70	14177	605	20226	687	31363	1022	46729	1565
437	15	75	7755	521	14099	756	19130	933	30050	1410
464	15	80	4071	493	10770	1065	19119	1534	29390	2672
6	16	0	3675	148	4683	142	6985	185	7102	148
33	16	1	13327	25	18477	32	27352	26	28552	24
60	16	5	14250	5	22896	19	31280	22	37067	20
87	16	10	11940	11	20315	16	29519	23	39930	20
114	16	15	9612	10	16437	22	28194	82	36543	95
141	16	20	7386	14	13130	38	24026	80	34046	101
168	16	25	5833	11	11025	18	20599	61	31171	91
195	16	30	4340	7	9185	31	17345	49	27068	75
222	16	35	4011	11	7493	20	14420	41	23214	66
249	16	40	3353	22	5537	30	11311	45	18839	69
276	16	45	2706	6	4493	24	8431	42	14774	72
303	16	50	2073	20	3423	35	5972	53	11706	78
330	16	55	1529	11	2537	24	4546	43	8462	65
357	16	60	1013	19	1932	37	3342	53	5694	55
384	16	65	998	29	1387	27	2440	69	4382	83
411	16	70	808	33	896	34	1562	61	2921	90
438	16	75	450	26	655	39	977	44	1851	77
465	16	80	154	26	686	70	1152	113	1813	133
7	17	0	13858	116	12482	182	13189	341	12038	203
34	17	1	51576	37	51016	51	55262	76	50086	45
61	17	5	57092	16	67132	26	68936	32	67070	41
88	17	10	50800	13	63935	12	70422	28	73785	33
115	17	15	41150	8	53331	34	68580	79	70724	99
142	17	20	30387	29	40978	46	57997	128	66400	167
169	17	25	24921	29	34871	49	46300	96	62448	230
196	17	30	21329	29	28889	74	41568	83	56784	172
223	17	35	18337	34	24763	69	36443	110	48335	170
250	17	40	17179	34	21369	79	30071	104	42919	205
277	17	45	13542	37	17638	77	25132	101	36444	209
304	17	50	11213	29	14913	77	20429	120	29635	241
331	17	55	8421	50	11971	87	16099	130	24421	220
358	17	60	6134	45	9214	112	13676	168	19275	269
385	17	65	5508	63	7344	135	10447	180	14903	305
412	17	70	3650	87	5071	131	7462	233	11453	357
439	17	75	1971	66	3301	114	4956	191	7658	312
466	17	80	666	58	2650	189	4838	383	8046	754
8	21	0	80576	820	72256	593	70303	1036	60521	1058
35	21	1	273502	216	295862	152	279968	243	261970	213
62	21	5	293914	65	382437	78	342893	97	343766	119
89	21	10	261723	56	342438	59	370005	126	367451	132
116	21	15	218924	87	267634	141	359138	289	343012	393
143	21	20	163565	129	203449	273	275754	392	326817	777
170	21	25	130590	137	163708	373	198802	304	293601	835
197	21	30	109238	115	137573	407	169994	353	245825	701
224	21	35	95227	115	119387	435	150904	389	197752	612
251	21	40	88721	147	103791	438	128062	379	173251	626
278	21	45	68454	153	83610	488	108369	452	147551	713
305	21	50	56452	168	71249	512	88702	474	123305	782
332	21	55	42728	204	56330	586	72616	548	103290	965
359	21	60	33350	223	45627	649	63131	686	84051	1036
386	21	65	32367	269	40515	641	50093	716	67114	1228
413	21	70	22288	309	28231	738	34625	766	51196	1405
440	21	75	12369	276	18217	759	24001	757	34466	1369
467	21	80	5176	233	14551	1171	25321	1308	36576	2682
9	22	0	39024	821	32237	264	29342	741	23908	449
36	22	1	140656	199	140295	59	124119	114	102331	61
63	22	5	158555	47	184608	27	153509	55	139027	47
90	22	10	147499	49	175344	35	176263	79	157981	70
117	22	15	125002	79	147650	58	174688	149	151945	191
144	22	20	84645	92	105730	79	136206	205	148966	332
171	22	25	64453	67	89054	116	100686	191	134984	347
198	22	30	54921	75	73101	111	90451	215	119947	324
225	22	35	46733	97	62591	125	82732	256	99900	318
252	22	40	41777	100	54867	131	70195	246	91166	352
279	22	45	33062	96	45230	161	58943	270	80771	379
306	22	50	29662	112	37763	190	49896	308	67688	456
333	22	55	23213	128	30434	221	40129	342	56415	568
360	22	60	17738	155	25943	261	35001	452	46866	613
387	22	65	17327	196	21838	283	26483	501	36603	660
414	22	70	12011	207	14809	351	20914	656	28635	805
441	22	75	7714	229	10795	419	14335	624	18940	849
468	22	80	3981	220	8989	613	14398	1186	22349	2086
10	23	0	88873	3194	78595	1878	78560	1979	64172	950
37	23	1	313413	496	343245	422	330229	355	264522	163
64	23	5	365793	131	421174	158	418274	174	354622	122
91	23	10	359502	101	396397	116	436882	187	431154	175
118	23	15	313166	216	338232	236	410675	508	425466	805
145	23	20	204383	298	269281	409	335481	733	406534	1217
172	23	25	160928	270	239874	427	273181	665	364393	1125
199	23	30	142644	291	185473	443	253668	792	319976	1030
226	23	35	118589	259	156422	449	232025	786	277797	1032
253	23	40	110954	287	141986	449	178005	782	258829	1167
280	23	45	82244	277	113024	440	149286	756	228511	1269
307	23	50	81195	348	99521	555	130805	885	173702	1273
334	23	55	67643	384	76738	633	102038	917	143692	1363
361	23	60	47368	373	69147	766	91219	1158	123545	1688
388	23	65	44908	485	62129	1002	66165	1236	93990	1731
415	23	70	31807	501	40834	1044	57794	1609	75849	2064
442	23	75	21956	604	30398	1229	42248	1657	48627	2115
469	23	80	15347	882	27773	2379	41939	3679	64707	6034
11	24	0	30660	1941	27829	647	28062	665	23692	368
38	24	1	109400	281	124224	100	113896	108	96861	49
65	24	5	127532	81	156023	60	144926	65	130579	44
92	24	10	127010	65	146015	54	158143	72	149689	65
119	24	15	113841	92	128481	96	154986	178	149871	226
146	24	20	76871	142	110269	175	129659	246	155051	330
173	24	25	55942	124	96507	187	106724	231	142913	324
200	24	30	51286	129	75875	188	101954	227	124136	294
227	24	35	41927	121	59040	152	93156	276	108483	344
254	24	40	37975	132	53807	200	70665	296	103637	396
281	24	45	28038	118	42149	185	55290	278	91203	450
308	24	50	29541	193	36566	251	50432	368	68712	489
335	24	55	25984	225	27034	243	37941	339	52702	494
362	24	60	20799	261	25933	323	32720	425	47273	657
389	24	65	19701	313	24722	473	23574	471	34185	670
416	24	70	13396	415	18428	563	21930	563	27411	752
443	24	75	9315	486	13527	655	17101	717	17196	759
470	24	80	6706	765	12289	1319	18794	1770	25293	2525
12	25	0	46076	5435	38155	1879	33303	1075	29449	439
39	25	1	165079	1066	160305	350	138303	142	118285	70
66	25	5	194702	187	208525	95	179961	61	160227	59
93	25	10	186143	127	203965	86	196851	72	177212	81
120	25	15	158405	187	178545	169	196360	255	177741	370
147	25	20	99178	176	132768	270	159446	338	171394	556
174	25	25	75727	213	112903	269	125733	284	160566	556
201	25	30	66797	215	88503	231	115324	334	144475	525
228	25	35	57737	248	75668	276	105085	333	124961	491
255	25	40	55409	331	68578	331	83269	338	116043	528
282	25	45	41266	282	55195	302	69832	400	102039	592
309	25	50	42488	367	50006	372	62798	467	80016	723
336	25	55	38402	447	38256	397	49873	562	66520	778
363	25	60	31316	467	36435	501	45010	627	58265	864
390	25	65	31200	676	35238	667	32462	654	44805	942
417	25	70	20074	800	27110	874	29230	796	36583	1141
444	25	75	13865	905	19995	1018	23275	1038	23062	1073
471	25	80	9755	1222	16407	1881	25863	2352	32736	3301
13	26	0	97748	11833	82609	5193	80561	2778	66758	1202
40	26	1	361989	2657	345781	744	323434	382	277508	186
67	26	5	426069	409	450020	248	405352	193	378324	94
94	26	10	400803	310	444647	263	435341	205	423568	205
121	26	15	344091	462	397918	662	441311	1001	407498	835
148	26	20	244861	597	313733	998	380942	1562	402836	1384
175	26	25	187901	641	266447	1085	309245	1253	379000	1273
202	26	30	161566	679	217510	1071	273790	1317	344709	1278
229	26	35	138939	765	181043	1027	246625	1274	301541	1181
256	26	40	131403	853	161048	1038	202276	1325	271173	1377
283	26	45	99896	888	128068	1062	165290	1408	233862	1623
310	26	50	96870	1103	113547	1271	143506	1641	191000	1663
337	26	55	81151	1196	85374	1255	111049	1789	152743	1937
364	26	60	64462	1319	79002	1589	96437	1887	128560	2248
391	26	65	55573	1548	67977	1919	70544	2019	95597	2458
418	26	70	35853	1765	49018	2178	58193	2516	73653	2856
445	26	75	23625	1752	32638	2162	41365	2586	46054	2582
472	26	80	13855	1963	26336	3514	41396	4847	56297	6160
14	27	0	34537	3847	32525	1421	33056	1170	26971	499
41	27	1	128739	735	135584	287	135967	194	110981	91
68	27	5	145219	135	173754	97	162989	86	152581	60
95	27	10	133283	100	164677	68	165671	93	170956	80
122	27	15	108682	134	143266	138	164772	228	156445	505
149	27	20	79766	223	113288	237	136670	344	140817	721
176	27	25	63968	223	92188	274	105373	297	130805	588
203	27	30	52485	238	74045	297	93617	311	117491	529
230	27	35	45205	233	63533	296	81895	352	100073	458
257	27	40	39463	321	55324	337	66955	337	91125	519
284	27	45	29807	282	43399	318	56533	419	76368	544
311	27	50	26606	320	34994	328	46978	409	62174	584
338	27	55	21730	372	26104	361	36365	460	51176	665
365	27	60	18087	445	22947	418	29004	501	41368	734
392	27	65	18905	513	19368	438	21933	515	30936	766
419	27	70	12233	586	14394	583	16494	591	21930	810
446	27	75	7292	561	10466	625	11302	634	13872	751
473	27	80	3911	501	8647	1016	13368	1271	15698	1623
15	28	0	20504	1009	18619	559	19924	611	16417	287
42	28	1	71955	211	78813	125	80166	112	69630	53
69	28	5	84211	58	100487	67	98601	51	91071	36
96	28	10	78084	57	96815	81	103217	51	105888	43
123	28	15	64718	66	83582	92	102631	161	101188	156
150	28	20	44610	94	70537	182	87647	214	98947	270
177	28	25	35465	103	57882	170	71020	203	91960	306
204	28	30	29573	129	46187	174	64614	226	81662	268
231	28	35	25019	111	38012	163	55712	252	70613	294
258	28	40	21172	153	32357	165	44734	236	64904	301
285	28	45	16800	129	25403	169	35982	257	54122	351
312	28	50	14803	144	20052	144	29953	265	42704	394
339	28	55	13285	193	15665	184	22700	297	34041	392
366	28	60	10466	172	13149	224	17755	309	27480	443
393	28	65	10840	302	11632	285	13439	341	19905	479
420	28	70	7707	361	8599	282	10258	354	14208	534
447	28	75	4683	361	6422	370	7474	448	9184	483
474	28	80	2955	389	6292	919	9079	923	11117	1272
16	29	0	169213	6673	136101	3027	133695	3498	104296	2049
43	29	1	606352	1783	598083	807	535314	514	434140	313
70	29	5	684987	434	831166	317	694091	246	606386	228
97	29	10	628735	329	813873	350	756171	299	681596	356
124	29	15	523837	469	669378	680	801385	864	668390	1579
151	29	20	396003	601	526994	915	661088	1281	647103	2156
178	29	25	303508	610	436538	1019	499997	1044	642500	2063
205	29	30	254780	624	370419	976	450126	1174	572894	1930
232	29	35	217077	713	302534	1020	403896	1303	478068	1728
259	29	40	198959	803	268061	1137	344697	1524	439416	1850
286	29	45	153193	860	211435	1122	276469	1672	378264	2248
313	29	50	139761	1071	177116	1268	232132	1875	318097	2570
340	29	55	108193	1098	134494	1407	181429	2020	252207	2764
367	29	60	87916	1100	117424	1625	152918	2218	206217	3044
394	29	65	82240	1487	98175	1966	115128	2451	157729	3214
421	29	70	54884	1696	71031	2222	90818	2738	118548	3714
448	29	75	31509	1453	50627	2362	61564	2864	77380	3650
475	29	80	20335	1712	44458	4043	71115	5904	95035	8737
17	31	0	195657	11302	168941	5316	160043	3471	126402	1825
44	31	1	711480	1943	699637	786	660583	499	523258	322
71	31	5	835655	609	916052	396	852992	300	726034	205
98	31	10	830173	572	921868	486	903998	339	858109	339
125	31	15	795709	1047	799816	945	944875	1020	868022	1264
152	31	20	661678	1443	729225	1416	850462	1572	874104	1952
179	31	25	512037	1570	671333	1645	706822	1610	851586	1952
206	31	30	406797	1631	599064	2050	677121	1839	790229	2124
233	31	35	343706	1863	504915	2228	654619	2360	694342	2341
260	31	40	319025	2195	413854	2416	575901	2836	671738	3075
287	31	45	264051	2572	326592	2610	468323	3147	628195	3869
314	31	50	225426	2954	277298	3223	373190	3427	548830	4740
341	31	55	175148	3042	230598	3627	288770	3672	441415	5263
368	31	60	135000	3472	191486	4055	242750	4553	339165	5464
395	31	65	114372	4055	144460	4587	189937	5068	251626	5875
422	31	70	70156	4225	95153	4533	136101	5474	191852	6773
449	31	75	41758	3688	63806	4394	85183	5009	129276	6855
476	31	80	26945	4043	49286	6274	79917	8423	127694	13727
18	32	0	31262	1450	28404	944	28488	609	25011	358
45	32	1	112725	389	119589	144	116516	100	99122	74
72	32	5	126989	116	157614	85	146662	70	135019	51
99	32	10	125264	101	155068	110	160167	85	153469	72
126	32	15	122565	147	131694	214	166972	368	151475	454
153	32	20	105700	237	122440	363	151782	499	162608	600
180	32	25	83082	267	114915	397	125382	477	160892	568
207	32	30	60569	234	103457	380	120190	472	147792	496
234	32	35	49185	235	87862	415	115241	502	126533	481
261	32	40	45459	283	66736	377	101587	650	120050	614
288	32	45	38851	343	50047	393	82511	638	110741	716
315	32	50	33624	368	41336	531	59948	595	96536	830
342	32	55	24672	388	35264	537	44621	707	77443	919
369	32	60	19277	413	30187	630	37153	791	54566	909
396	32	65	16549	530	21625	703	29979	927	38996	965
423	32	70	11302	639	13763	675	22223	952	29532	1115
450	32	75	7089	568	9564	658	13101	853	20604	1183
477	32	80	4303	624	7992	1097	12283	1482	20829	2296
19	33	0	135961	8307	114564	3653	122345	2810	99210	1616
46	33	1	495568	1382	470564	585	498975	384	401592	314
73	33	5	580466	460	617982	313	606627	208	555463	178
100	33	10	569805	446	637208	434	608822	286	662506	265
127	33	15	597436	1250	574492	1792	656590	1725	638420	1330
154	33	20	574956	1887	561926	2537	641580	2534	646569	1899
181	33	25	492473	1872	558371	2636	566594	2191	665139	1955
208	33	30	405546	1616	521480	2866	538788	2079	637186	1857
235	33	35	325978	1839	457455	2943	537330	2634	566803	1886
262	33	40	308557	2299	388720	2998	488168	3165	542851	2453
289	33	45	264134	2844	296046	3212	411311	3760	515808	3338
316	33	50	237118	3432	260671	3821	337488	4064	461682	4777
343	33	55	177963	3744	217317	4552	246857	4401	374767	5708
370	33	60	129883	3917	188443	5535	210146	5344	290089	6070
397	33	65	96792	4152	133897	5535	166850	6101	206333	6477
424	33	70	62828	4150	84669	5064	124230	6333	156157	7093
451	33	75	36862	3530	52932	4513	74643	5461	104218	7219
478	33	80	24603	4097	40864	6131	62991	7757	100886	12882
20	35	0	341157	21050	303443	9896	319085	6556	270906	4006
47	35	1	1206246	2281	1276462	1328	1304878	971	1090710	613
74	35	5	1350747	823	1695402	711	1609522	532	1457203	351
101	35	10	1279253	887	1643282	876	1710336	800	1687826	541
128	35	15	1325666	2099	1460447	3430	1817616	4318	1667482	1922
155	35	20	1353470	2980	1490125	4983	1757537	6093	1835222	3304
182	35	25	1176465	2945	1448641	5296	1586803	5649	1881495	3606
209	35	30	947006	3206	1325381	5466	1492773	5723	1741346	3926
236	35	35	744406	3568	1148191	5846	1400360	6430	1549270	4688
263	35	40	664636	4389	940985	5873	1241184	7418	1444231	6005
290	35	45	547985	5265	711878	6094	1029684	8294	1308852	8074
317	35	50	487062	6224	594775	7140	818855	8865	1149501	10614
344	35	55	361214	6870	479344	8325	597226	9659	930303	12238
371	35	60	266562	7233	406883	9858	488217	11267	705940	13037
398	35	65	203162	8126	292274	10217	374521	12626	499180	13721
425	35	70	130736	8157	187391	9763	281136	13702	371655	15229
452	35	75	77895	7134	117728	9389	167939	12324	246532	15651
479	35	80	50748	8266	91357	12632	141691	18704	240219	29714
21	41	0	109389	5796	95180	2918	88304	1979	73642	1036
48	41	1	410541	1100	374367	441	363866	324	289470	164
75	41	5	503255	352	480234	223	471571	211	390883	114
102	41	10	501577	372	479408	248	475524	200	463552	183
129	41	15	455664	587	437820	620	480269	728	469762	1024
156	41	20	359834	799	405458	838	435587	992	451739	1432
183	41	25	294921	746	371851	919	391614	918	436675	1310
210	41	30	244399	769	318405	972	380946	1070	410438	1228
237	41	35	206914	965	274189	1028	354902	1281	384351	1367
264	41	40	189478	1152	228701	1243	300848	1510	372379	1632
291	41	45	153424	1349	183691	1417	250925	1735	336461	2027
318	41	50	128799	1552	153084	1713	203582	1996	282641	2468
345	41	55	96791	1688	124966	2064	158377	2299	231993	2844
372	41	60	70699	1832	103600	2328	130948	2924	180838	3114
399	41	65	55879	2201	74698	2591	99638	3259	133729	3591
426	41	70	34998	2169	48352	2549	71611	3521	99314	4051
453	41	75	20192	1986	30770	2377	42857	3165	64121	4056
480	41	80	12044	1993	23040	3105	36051	4780	59006	7167
22	42	0	51813	2171	51486	1139	47189	858	41376	489
49	42	1	186705	313	204525	193	195128	138	165559	98
76	42	5	223809	160	260852	125	258544	88	222981	57
103	42	10	231188	152	249138	140	267774	116	264941	85
130	42	15	228393	287	223951	290	272053	307	276177	351
157	42	20	189202	349	219151	466	241027	429	287316	574
184	42	25	151491	301	216397	456	220211	455	286179	512
211	42	30	120734	315	188928	452	222058	558	256324	548
238	42	35	94457	333	156328	508	217384	660	234504	679
265	42	40	83374	419	128302	561	182525	744	230018	877
292	42	45	67625	504	94661	596	149640	908	216576	1127
319	42	50	58476	636	77414	795	116298	1048	179383	1386
346	42	55	46518	763	62315	962	85132	1240	143895	1604
373	42	60	34959	838	51953	1191	67836	1516	106909	1766
400	42	65	26933	927	38199	1270	50300	1625	73382	1890
427	42	70	16780	1048	25489	1308	36101	1845	52332	2125
454	42	75	10188	920	15335	1181	22161	1679	32789	2058
481	42	80	6428	1009	11290	1633	17950	2410	29719	3601
23	43	0	94171	4036	91577	2003	87342	1473	65097	828
50	43	1	348805	639	364082	354	348563	247	262504	141
77	43	5	410637	267	482426	209	451586	160	368967	102
104	43	10	426990	306	460999	252	464250	185	438629	148
131	43	15	444170	678	403599	657	490399	644	442405	650
158	43	20	392258	805	392953	970	430584	887	437737	965
185	43	25	330796	757	405167	971	382084	965	445502	1049
212	43	30	275089	716	376713	1063	385037	1095	398879	1028
239	43	35	226213	867	329311	1211	397068	1306	366041	1059
266	43	40	203755	1176	280102	1463	358269	1743	369087	1543
293	43	45	174226	1572	218636	1729	304887	2044	372803	2222
320	43	50	152283	1937	183412	2124	250230	2611	332590	2843
347	43	55	117876	2232	153606	2792	190359	2960	277346	3546
374	43	60	92008	2580	129976	3389	153901	3690	217076	3971
401	43	65	71159	2913	92332	3369	119276	4148	155838	4401
428	43	70	44942	2864	63035	3470	85905	4388	112895	4817
455	43	75	26581	2592	38946	3294	51275	3896	73926	4763
482	43	80	17372	2924	29173	4137	43704	5904	67735	8482
24	50	0	21208	922	21382	558	20066	534	19635	345
51	50	1	78910	174	85497	109	83620	119	77925	78
78	50	5	94458	54	110184	65	109491	39	101158	34
105	50	10	88717	57	106061	68	110590	59	112951	46
132	50	15	83191	125	92703	155	110272	194	114096	215
159	50	20	67289	146	84419	182	97269	254	111249	314
186	50	25	54508	136	79779	202	85429	263	108088	277
213	50	30	44437	140	68704	248	80256	236	99182	292
240	50	35	37520	168	57384	252	75950	289	89391	288
267	50	40	34879	182	46815	242	63755	285	82858	405
294	50	45	27378	200	36952	257	51870	352	75530	491
321	50	50	22552	193	30735	283	41067	421	62386	538
348	50	55	16518	216	24031	348	31621	483	49914	614
375	50	60	12534	224	19416	393	26858	571	37575	680
402	50	65	10079	298	14329	432	20059	573	28408	750
429	50	70	5881	267	9429	389	14325	590	21656	922
456	50	75	3503	257	6336	395	8932	577	13970	852
483	50	80	2124	250	4879	543	8594	973	13956	1562
25	51	0	19389	297	25667	410	24950	644	24440	430
52	51	1	72135	131	103564	112	104905	101	99654	84
79	51	5	83167	39	132511	50	136535	73	129969	41
106	51	10	74456	25	126720	58	139526	63	144212	61
133	51	15	65862	62	113443	170	138844	256	144304	277
160	51	20	58035	77	104068	227	126882	370	145628	433
187	51	25	47463	87	96124	286	112339	371	144201	403
214	51	30	37976	86	81550	245	105343	366	133907	425
241	51	35	31721	99	66185	247	96018	418	119062	392
268	51	40	27764	103	52808	247	79256	420	109049	488
295	51	45	21005	99	40671	259	61567	429	95223	587
322	51	50	16928	99	32699	314	47679	453	77106	656
349	51	55	12258	101	24442	280	36157	428	58913	703
376	51	60	9821	110	18880	298	28335	585	43308	763
403	51	65	7677	144	12788	291	20294	577	31533	772
430	51	70	4097	148	8200	284	13565	565	22522	861
457	51	75	2373	113	5238	317	7810	512	13858	807
484	51	80	1444	106	3670	401	7182	761	12647	1336
26	52	0	46897	1487	44481	935	47233	861	43956	604
53	52	1	177408	307	181458	185	198948	149	178818	130
80	52	5	210162	139	237332	125	248159	101	241633	92
107	52	10	201933	126	239657	130	252690	123	269952	130
134	52	15	185791	256	219107	305	260633	407	268462	539
161	52	20	154070	381	200429	468	249699	595	279238	859
188	52	25	125207	372	180533	512	220783	571	277270	812
215	52	30	101443	374	153351	494	205312	587	262570	788
242	52	35	87340	395	129688	475	184163	629	232644	821
269	52	40	78270	462	106553	559	152114	773	211499	866
296	52	45	59741	463	84738	565	123061	822	181350	1013
323	52	50	48337	463	68912	670	98359	899	148258	1225
350	52	55	36160	536	53846	758	75465	975	117043	1410
377	52	60	26859	529	42121	851	61916	1183	90235	1497
404	52	65	20537	563	30998	859	45253	1185	67274	1657
431	52	70	12841	653	19663	840	31511	1273	49891	1836
458	52	75	7483	513	12739	732	19469	1086	31327	1805
485	52	80	4331	481	9899	1155	17670	1715	30207	3273
27	53	0	20305	906	18083	524	21006	362	19047	300
54	53	1	68411	148	70413	80	81623	80	76891	40
81	53	5	69784	58	92955	44	96131	43	101824	27
108	53	10	64630	49	91055	62	95349	38	110597	42
135	53	15	64098	105	80098	164	107553	224	108791	216
162	53	20	62929	159	85046	269	110797	304	120373	277
189	53	25	54872	148	76198	274	96084	265	127512	273
216	53	30	43537	146	59789	207	85380	281	118507	282
243	53	35	33907	154	50953	206	72940	299	100047	272
270	53	40	30590	144	41619	238	57887	255	88786	306
297	53	45	20522	150	30725	227	46990	312	72525	390
324	53	50	15300	152	25734	259	35933	320	55965	377
351	53	55	10086	174	17301	253	24967	338	43033	418
378	53	60	6131	169	12043	252	19995	392	30889	455
405	53	65	4396	161	7748	265	12188	395	21160	473
432	53	70	2187	146	4257	231	8223	369	15759	549
459	53	75	1162	101	2615	220	4559	335	8885	504
486	53	80	573	96	1918	295	3751	479	8289	994
