UF	AGE	POP_80	DEATH_80	POP_91	DEATH_91	POP_00	DEATH_00	POP_10	DEATH_10	
1	11	0	9429	496	15254	417	14798	294	12305	213
28	11	1	32539	191	60667	112	60561	46	50769	38
55	11	5	35991	58	75921	40	78616	16	68618	28
82	11	10	31855	29	72908	33	79264	34	76618	15
109	11	15	27318	35	63709	47	77280	47	77199	44
136	11	20	22773	39	54787	54	68128	44	74562	49
163	11	25	18441	41	48988	52	59939	45	72890	53
190	11	30	12983	36	40277	38	53626	70	66583	70
217	11	35	10432	37	31997	59	46522	76	58600	80
244	11	40	8647	37	23091	53	36936	72	51215	83
271	11	45	6630	28	17063	65	28177	100	43422	126
298	11	50	4965	35	13250	75	20112	95	34616	153
325	11	55	3591	41	10200	80	15643	113	26308	154
352	11	60	2423	26	7423	100	11941	138	18542	172
379	11	65	1653	50	4940	109	8589	142	13486	215
406	11	70	788	36	2690	90	5430	159	9541	245
433	11	75	513	23	1719	95	3223	133	6240	253
460	11	80	292	49	1313	141	2862	249	5738	508
2	12	0	5929	175	6186	161	7422	172	7145	125
29	12	1	21165	35	24290	41	30476	41	30745	30
56	12	5	23022	12	31089	11	35442	10	40150	18
83	12	10	20010	8	29548	19	33694	12	43260	13
110	12	15	17149	18	23853	23	33288	19	38543	24
137	12	20	13619	14	19178	11	28386	23	35147	27
164	12	25	10457	11	15858	16	22423	30	34049	34
191	12	30	7902	14	13059	23	18843	32	29977	33
218	12	35	6706	17	10944	17	15581	27	23941	35
245	12	40	5102	23	8355	20	12798	36	19988	39
272	12	45	3904	16	6228	19	10053	44	15716	41
299	12	50	3400	19	4794	22	7594	41	13036	58
326	12	55	2270	18	3633	30	6235	53	10239	81
353	12	60	1818	18	3102	32	4621	50	7507	96
380	12	65	1802	22	2342	31	3396	54	5864	80
407	12	70	921	34	1591	45	2663	61	4000	79
434	12	75	472	28	1152	64	1677	76	2692	90
461	12	80	286	49	942	102	1951	209	3236	264
3	13	0	28974	945	27554	624	37350	790	36156	515
30	13	1	103669	246	121602	140	154129	182	146651	140
57	13	5	108945	41	157334	57	180510	62	188308	59
84	13	10	93367	32	148346	33	168383	53	197225	64
111	13	15	81548	74	122171	53	167713	90	182055	98
138	13	20	65374	65	96779	56	145827	92	169446	99
165	13	25	51931	73	83117	64	117614	91	162153	124
192	13	30	38863	62	70379	54	94710	100	143036	160
219	13	35	31693	70	55303	86	82265	130	116053	145
246	13	40	26983	76	42088	63	64963	148	93807	179
273	13	45	20571	72	30731	99	49929	143	77238	231
300	13	50	16303	79	24275	97	36282	158	62231	272
327	13	55	12188	95	18495	103	28367	182	47873	284
354	13	60	9044	78	15370	135	22989	266	35037	321
381	13	65	7971	104	11814	148	17485	282	26005	349
408	13	70	4888	132	7395	171	12266	311	18906	455
435	13	75	2921	160	5133	179	8255	298	12939	439
462	13	80	1811	183	4692	457	9153	779	15687	1292
4	14	0	1497	59	2849	64	4366	92	4641	61
31	14	1	5475	8	11725	22	17712	29	18643	12
58	14	5	5552	2	14588	6	20499	8	24113	4
85	14	10	4776	4	12695	6	19068	12	25590	7
112	14	15	4440	1	10815	12	18760	15	23250	13
139	14	20	3779	6	9746	9	16294	15	21788	18
166	14	25	3127	4	9104	18	13430	19	21792	29
193	14	30	2314	3	7258	7	11606	19	18669	20
220	14	35	1642	7	5558	9	10175	27	14839	16
247	14	40	1381	2	3822	10	7926	17	12269	22
274	14	45	1013	4	2570	7	5710	26	10379	29
301	14	50	1039	3	1998	4	3985	30	8087	36
328	14	55	653	3	1418	8	2722	24	5928	44
355	14	60	476	3	1170	13	2090	20	4131	43
382	14	65	413	3	922	8	1487	29	2793	46
409	14	70	172	7	503	8	1129	28	1960	38
436	14	75	111	4	323	14	699	32	1241	42
463	14	80	83	8	322	25	702	52	1507	106
5	15	0	63345	2121	69065	1197	74345	1329	69897	1044
32	15	1	228966	628	282367	303	307359	295	291342	269
59	15	5	249504	133	354800	116	374270	111	383727	111
86	15	10	222145	86	333845	99	372500	115	410621	131
113	15	15	191692	154	281994	154	365028	198	390200	222
140	15	20	156766	174	228428	167	306983	203	373463	245
167	15	25	122640	160	189302	144	249916	190	354717	273
194	15	30	93226	176	159626	160	212604	194	307254	308
221	15	35	79264	191	131668	215	180571	222	255011	333
248	15	40	65764	194	101412	224	150125	306	213683	385
275	15	45	51129	170	79640	207	119145	374	174157	484
302	15	50	42502	206	62778	267	90688	359	145503	595
329	15	55	30028	211	49527	287	74125	459	115770	672
356	15	60	24739	234	40453	334	58637	565	86379	767
383	15	65	22819	324	30381	417	44482	575	67347	877
410	15	70	15773	474	20977	468	31820	689	48614	1046
437	15	75	10285	498	16051	642	20323	702	32675	1065
464	15	80	6768	743	15324	1466	26618	1959	38854	2863
6	16	0	3742	122	4521	95	6638	127	7015	139
33	16	1	13075	31	17861	28	26745	18	27304	21
60	16	5	13910	8	22274	10	30040	6	35589	9
87	16	10	12075	4	20326	11	29266	9	39301	14
114	16	15	10083	7	17028	9	29242	10	36731	18
141	16	20	8037	10	13481	15	25384	9	34503	27
168	16	25	6142	3	11241	12	20955	18	32630	20
195	16	30	4510	8	9255	5	17141	22	28224	19
222	16	35	3798	8	7332	21	13832	17	23540	22
249	16	40	3154	6	5248	7	10649	16	18439	25
276	16	45	2463	10	4199	8	7907	26	14185	26
303	16	50	1907	8	3221	16	5513	23	11145	36
330	16	55	1178	5	2430	14	4297	25	8170	33
357	16	60	927	14	1909	17	3270	41	5495	45
384	16	65	1097	13	1335	18	2485	32	4450	56
411	16	70	882	43	924	24	1630	30	3057	75
438	16	75	503	19	704	26	1015	24	2079	53
465	16	80	246	31	921	98	1570	138	2534	172
7	17	0	13979	118	12319	111	12897	249	11680	193
34	17	1	50324	29	49125	35	52897	56	48905	40
61	17	5	55513	16	64571	8	65664	33	63933	26
88	17	10	50374	8	62962	6	68105	17	70475	19
115	17	15	40453	16	50784	18	66065	33	68595	40
142	17	20	30195	13	40148	16	56531	55	65465	41
169	17	25	24121	16	34175	20	45422	31	62726	53
196	17	30	20250	13	28292	21	41083	36	57682	58
223	17	35	16587	16	24219	29	35172	44	47057	72
250	17	40	14750	21	19368	33	28846	47	42049	86
277	17	45	11529	29	15612	33	22940	88	34847	96
304	17	50	9479	29	12875	45	18120	69	28526	129
331	17	55	6500	21	10254	38	14516	85	22862	135
358	17	60	5300	16	7867	60	12269	138	17633	139
385	17	65	4879	29	6123	58	9120	140	13401	166
412	17	70	3500	58	4342	76	6430	152	10430	235
439	17	75	1992	45	3080	97	4267	145	6930	241
466	17	80	929	42	2879	174	4947	368	7825	654
8	21	0	79634	646	70787	458	68494	840	59472	790
35	21	1	269979	221	290949	142	273023	205	253438	183
62	21	5	288005	57	374431	68	336795	66	329882	81
89	21	10	263285	45	344666	58	365548	84	357576	92
116	21	15	226084	67	268948	90	349731	137	339239	168
143	21	20	175640	89	211496	112	271049	170	329948	192
170	21	25	139873	77	176811	99	204693	144	301572	259
197	21	30	111953	78	147844	129	180525	180	254730	249
224	21	35	98573	96	127768	139	161860	231	205619	246
251	21	40	85422	96	104884	168	136429	235	182285	351
278	21	45	64895	108	84164	159	113407	304	157769	430
305	21	50	52586	102	70806	207	90661	330	133670	531
332	21	55	39293	108	58422	250	77836	368	112796	650
359	21	60	33129	100	45763	239	66828	500	88292	707
386	21	65	31435	160	39466	304	50138	514	69987	816
413	21	70	21771	196	28582	425	35101	534	55175	1017
440	21	75	13684	258	19756	465	25216	551	36751	999
467	21	80	7190	304	17845	1057	31460	1259	45073	2630
9	22	0	38286	573	31534	200	28825	573	22967	369
36	22	1	139771	152	137161	52	119668	86	98325	63
63	22	5	156109	40	180316	25	149232	31	133564	33
90	22	10	150166	28	177578	22	173534	40	151933	48
117	22	15	131159	51	153084	33	170902	56	149923	72
144	22	20	95455	47	117393	33	139484	87	152483	104
171	22	25	73245	72	100041	54	107598	73	140387	89
198	22	30	60264	52	82166	50	98579	86	127146	115
225	22	35	50148	65	70083	61	90409	104	106679	135
252	22	40	44633	74	59695	66	77321	181	98599	168
279	22	45	35310	70	48251	102	65223	191	88624	235
306	22	50	30652	73	40532	100	53843	211	75963	288
333	22	55	22745	77	34152	112	44547	267	64861	354
360	22	60	19350	89	27930	154	39384	348	52290	423
387	22	65	17907	138	22322	180	29692	386	40609	481
414	22	70	11736	167	15745	221	23326	450	33811	693
441	22	75	7717	187	12134	300	15636	469	22856	738
468	22	80	4764	291	10742	616	17785	1294	28918	2252
10	23	0	86453	2754	75998	1449	75027	1622	61863	729
37	23	1	309915	499	334630	296	319392	300	254143	148
64	23	5	359621	97	414644	117	404231	102	341621	74
91	23	10	361110	74	396412	91	429674	100	416153	114
118	23	15	327898	114	350924	100	410693	185	421375	188
145	23	20	236705	96	295715	145	347258	190	416303	225
172	23	25	186911	122	266110	160	291575	194	378499	250
199	23	30	161173	142	209038	169	275526	252	337965	274
226	23	35	133836	137	180426	219	251067	331	298631	328
253	23	40	123987	182	160375	230	201080	380	282318	460
280	23	45	94127	170	127147	289	170144	461	250729	706
307	23	50	89240	211	113268	400	147940	605	200514	725
334	23	55	69497	260	91493	400	118956	665	169422	917
361	23	60	50739	266	80370	566	108886	952	144374	1213
388	23	65	46521	361	68051	710	80343	1015	111093	1326
415	23	70	32492	414	44415	717	69251	1354	95031	1858
442	23	75	23316	557	34202	1007	48614	1592	63394	1974
469	23	80	18869	1065	33186	2486	52530	4100	88865	6974
11	24	0	30537	1576	27151	476	26842	516	22690	255
38	24	1	107193	265	121521	117	109843	80	93075	47
65	24	5	125192	75	152909	29	140611	26	125382	31
92	24	10	127714	51	145979	32	155316	39	144034	29
119	24	15	118172	51	131201	45	153510	64	147407	46
146	24	20	84877	72	115204	59	130966	65	154514	68
173	24	25	64991	44	105147	72	111968	82	145209	90
200	24	30	58729	68	82433	52	108126	81	128956	88
227	24	35	48112	82	66927	75	100172	120	115217	118
254	24	40	43810	112	61350	119	77789	156	111485	158
281	24	45	32347	84	47692	118	62815	190	99812	248
308	24	50	32216	109	42068	152	57307	253	77642	292
335	24	55	26779	144	33044	182	45089	285	62185	327
362	24	60	20946	145	30131	237	40009	344	56383	415
389	24	65	19027	216	27065	327	29061	359	41921	455
416	24	70	13437	316	18799	423	25851	491	34840	594
443	24	75	9431	390	14275	492	19176	601	23229	710
470	24	80	7438	738	13953	1260	22378	1720	35159	2850
12	25	0	44805	4268	37347	1434	32286	746	28164	405
39	25	1	164533	937	157766	305	134429	115	114203	79
66	25	5	191877	156	203693	78	175431	55	153860	36
93	25	10	188660	92	203948	56	193046	49	171481	29
120	25	15	164635	114	182436	62	192429	84	175236	88
147	25	20	116635	122	146648	89	163671	84	175107	91
174	25	25	92668	115	125306	109	135029	78	166964	133
201	25	30	79966	154	99905	112	126791	119	153271	146
228	25	35	70080	159	88720	128	114185	155	135305	159
255	25	40	67030	211	79522	176	93452	182	127731	259
282	25	45	50433	208	65902	201	81450	257	112357	344
309	25	50	49501	273	60538	280	73317	328	92178	386
336	25	55	41728	283	48255	296	61605	411	80358	503
363	25	60	33061	385	45081	429	57367	532	71502	604
390	25	65	31043	518	39869	546	41855	571	56536	768
417	25	70	19682	670	29081	705	36470	847	48832	1020
444	25	75	15353	877	21012	896	26970	891	31943	1084
471	25	80	11371	1400	19528	2003	32064	2577	47121	4119
13	26	0	96364	9467	80908	3980	78156	2068	64528	858
40	26	1	357235	2523	340216	691	315505	344	268115	160
67	26	5	422927	322	441690	167	395829	131	366005	79
94	26	10	405744	225	443394	173	428978	142	411963	113
121	26	15	362899	278	407349	251	438874	231	406100	192
148	26	20	277551	367	339492	255	389204	292	414746	265
175	26	25	222518	344	296579	328	333574	276	400641	304
202	26	30	186282	399	244062	370	304959	340	372344	370
229	26	35	162042	520	213771	409	277006	491	333661	467
256	26	40	151939	659	184668	586	230943	633	305896	639
283	26	45	116367	643	148690	674	195841	799	268313	836
310	26	50	108560	761	134490	952	168557	1012	225663	1080
337	26	55	83641	784	105733	954	137310	1203	190010	1327
364	26	60	68701	988	95571	1370	122265	1695	160049	1675
391	26	65	58776	1255	77711	1474	92130	1796	124092	2025
418	26	70	41438	1659	55964	1797	73953	2191	100594	2568
445	26	75	28254	1980	37977	2019	50572	2385	66426	2618
472	26	80	19865	2476	36874	4417	58031	6024	86621	8133
14	27	0	35415	2987	32053	1105	32566	854	26386	411
41	27	1	128898	672	134628	251	133672	180	107745	73
68	27	5	145016	109	172185	75	160338	46	147534	42
95	27	10	134152	68	166859	68	165972	50	167207	67
122	27	15	114400	93	148752	56	164143	98	156547	90
149	27	20	87717	116	121912	85	140683	111	149240	105
176	27	25	69685	131	99581	69	113660	83	141199	119
203	27	30	55882	149	80319	91	102702	91	128978	158
230	27	35	48953	155	70440	153	89704	143	111840	158
257	27	40	42259	178	57646	176	74099	210	101962	233
284	27	45	33422	198	46039	199	62388	216	85274	291
311	27	50	29225	184	38111	252	50412	329	71484	368
338	27	55	22031	220	31631	282	41559	312	60372	479
365	27	60	18846	251	27386	362	34718	415	47640	541
392	27	65	18746	351	21081	388	27122	529	36630	611
419	27	70	12584	477	15436	434	19743	580	27457	746
446	27	75	7382	491	10930	575	13341	545	18675	748
473	27	80	5768	681	10608	1117	16857	1319	22557	1956
15	28	0	19869	789	18032	470	18948	528	15959	217
42	28	1	71150	231	76767	136	77716	93	66976	40
69	28	5	81868	39	98496	48	95713	40	87998	26
96	28	10	77687	36	96418	44	101042	42	102283	33
123	28	15	67155	48	85838	44	102150	36	100857	37
150	28	20	49106	47	73541	49	89470	73	101818	65
177	28	25	39564	68	62512	67	75736	75	97541	73
204	28	30	31744	53	49464	66	69099	95	88716	80
231	28	35	27830	75	41436	67	60575	98	77952	105
258	28	40	24056	99	34450	87	47892	126	71037	136
285	28	45	19759	81	27470	105	39699	151	59878	186
312	28	50	17757	116	22418	104	32198	192	48108	202
339	28	55	13929	128	19441	131	26165	200	39790	235
366	28	60	11802	138	16412	168	21837	272	31494	302
393	28	65	10931	231	13631	187	17149	306	24050	350
420	28	70	8503	326	9760	278	13356	388	18444	440
447	28	75	5495	356	7196	317	9201	367	13017	482
474	28	80	3944	491	8089	989	11623	1071	17058	1513
16	29	0	165599	5537	133512	2406	128547	2710	100967	1661
43	29	1	597759	1699	582928	677	519346	497	420482	266
70	29	5	669494	284	810301	274	673537	194	584262	136
97	29	10	627055	239	804257	190	738271	211	657965	196
124	29	15	542760	311	672464	302	783330	321	658891	329
151	29	20	423623	335	547050	327	653272	400	657259	397
178	29	25	326301	377	462705	353	519010	405	666361	511
205	29	30	269644	415	391102	430	474085	503	597928	640
232	29	35	234757	505	326236	496	425902	671	504281	711
259	29	40	207948	525	277438	610	362300	858	464198	925
286	29	45	164798	612	223752	749	293110	986	402691	1231
313	29	50	143749	646	188224	895	246060	1304	345639	1526
340	29	55	106941	749	154940	989	205089	1343	281419	1784
367	29	60	90613	782	132736	1216	175116	1709	230511	2094
394	29	65	84876	1094	105716	1414	136442	2005	182523	2398
421	29	70	58133	1370	78365	1778	106324	2313	144445	2943
448	29	75	35827	1376	57446	2095	71626	2293	101452	3209
475	29	80	29339	2291	60912	4959	96850	6876	137366	10365
17	31	0	190378	8783	163470	4084	154305	2739	122673	1489
44	31	1	693710	1910	677363	716	639782	407	504533	236
71	31	5	813941	494	888222	275	826369	206	702961	147
98	31	10	819112	384	899989	286	877441	242	830051	192
125	31	15	807226	576	798986	435	922381	370	851253	347
152	31	20	668202	731	731929	553	835430	496	859390	483
179	31	25	521841	836	694943	660	718934	565	853105	568
206	31	30	414088	906	613399	893	701581	787	805450	853
233	31	35	356046	1176	524057	1072	682955	1115	722116	1028
260	31	40	320480	1418	422031	1272	594459	1486	702039	1494
287	31	45	267287	1511	339940	1457	488948	1655	666388	2082
314	31	50	230143	1775	289058	1808	392009	1968	584829	2602
341	31	55	176165	1924	251580	2238	314220	2342	479713	3031
368	31	60	143304	2468	214886	2944	271848	3128	376213	3474
395	31	65	119527	3008	162803	3243	221093	3686	290172	4164
422	31	70	76252	3513	113231	3644	166969	4505	233376	5420
449	31	75	49764	3510	79590	4091	108916	4454	168843	6289
476	31	80	38597	5021	74291	8117	122267	11040	202348	18650
18	32	0	30435	1147	27153	691	27650	486	23983	252
45	32	1	109753	372	115340	152	111782	73	96325	43
72	32	5	123535	81	151857	48	141869	41	129876	36
99	32	10	122817	53	151748	50	155835	52	148837	42
126	32	15	122888	89	132702	84	164400	88	150054	76
153	32	20	104729	105	123483	113	151763	112	160591	126
180	32	25	81301	107	117850	122	129440	103	161740	117
207	32	30	60069	104	104737	137	124669	168	151970	177
234	32	35	50176	127	88441	173	119790	206	132181	201
261	32	40	44954	170	66402	181	104764	272	125090	240
288	32	45	38384	164	50560	204	83870	320	117028	353
315	32	50	31467	188	43124	245	62597	345	102862	449
342	32	55	23530	196	37794	340	48540	358	82979	494
369	32	60	18596	258	31842	387	41848	517	60562	525
396	32	65	16282	340	22657	415	34179	586	45383	644
423	32	70	10675	458	15206	455	25479	722	36114	787
450	32	75	7532	481	11038	576	15912	658	26704	909
477	32	80	5770	666	11127	1318	18039	1736	31455	2962
19	33	0	132477	6317	110635	2867	118082	2201	95990	1364
46	33	1	482626	1280	455173	483	481746	333	390823	215
73	33	5	564982	303	601132	227	588635	147	537528	157
100	33	10	561781	318	626835	234	594407	161	642527	194
127	33	15	611543	459	587479	428	659702	354	631856	309
154	33	20	588668	599	581590	533	658527	460	656220	411
181	33	25	522261	694	600629	735	599437	577	699208	587
208	33	30	427780	832	568189	911	585111	767	685586	742
235	33	35	348561	1029	513828	1195	597087	1153	623622	998
262	33	40	322834	1323	425776	1479	549595	1690	600020	1426
289	33	45	281631	1530	331415	1645	473929	2113	586139	2192
316	33	50	257431	2014	290233	2169	388235	2540	537716	3042
343	33	55	196376	2116	255402	2708	294560	2776	454090	3562
370	33	60	152674	2530	232501	3562	260999	3648	363130	4151
397	33	65	120764	3192	170725	3971	221791	4521	270534	4794
424	33	70	82393	3471	117022	4264	178202	5440	220125	6098
451	33	75	55983	3882	81849	4665	116497	5393	165181	7148
478	33	80	49239	6728	79692	9706	124405	12618	203955	20934
20	35	0	331040	15784	294388	7510	306969	5229	262265	3134
47	35	1	1169150	2036	1238555	1050	1261232	815	1051491	498
74	35	5	1316027	547	1643157	484	1558105	373	1403430	273
101	35	10	1262058	529	1613628	536	1673654	482	1637087	379
128	35	15	1348186	971	1482628	901	1822555	925	1636426	705
155	35	20	1326483	1158	1475811	1238	1777856	1130	1802466	885
182	35	25	1155225	1252	1488228	1467	1619743	1391	1908293	1198
209	35	30	930882	1430	1371897	1711	1546059	1742	1815101	1521
236	35	35	740502	1818	1187823	2114	1491377	2383	1634852	1985
263	35	40	654152	2195	954528	2564	1325648	3095	1536444	2869
290	35	45	553823	2712	738625	2934	1101778	3936	1444270	4312
317	35	50	497603	3379	616988	3815	882144	4755	1286603	5523
344	35	55	376682	3919	526842	4564	662467	5398	1057688	6882
371	35	60	292304	4644	461819	6143	564808	7087	831069	8337
398	35	65	230073	5614	342567	7109	456341	8666	609906	9527
425	35	70	152523	6402	232514	7877	365634	10781	484550	12032
452	35	75	97258	6696	159829	8856	235480	11297	354796	14109
479	35	80	77293	10629	145109	16701	241190	26581	427589	42398
21	41	0	106868	4451	91998	2316	84687	1521	70989	803
48	41	1	399429	1093	361762	369	349416	251	279936	116
75	41	5	488915	266	464230	165	452840	119	377509	91
102	41	10	491071	255	467030	168	460922	142	445519	119
129	41	15	461392	343	439870	229	469411	239	458869	274
156	41	20	373104	391	413356	322	435459	253	449593	277
183	41	25	301657	361	389322	372	403987	326	443557	351
210	41	30	242905	407	335183	428	399034	423	425939	400
237	41	35	203099	517	288791	496	376265	567	403019	524
264	41	40	174736	579	230340	606	319110	718	394269	727
291	41	45	142708	793	184549	788	266097	911	363723	1056
318	41	50	117318	818	149531	980	212406	1174	309977	1386
345	41	55	89131	1016	127974	1153	168078	1402	256686	1697
372	41	60	66134	1150	105635	1481	137889	1855	201289	2097
399	41	65	52906	1399	77109	1730	109796	2307	151451	2598
426	41	70	31204	1517	51444	1890	80248	2655	114342	2997
453	41	75	19520	1425	34213	2039	50820	2623	80272	3531
480	41	80	13237	1809	28562	3202	49573	5441	86593	8822
22	42	0	50181	1571	49641	803	45197	630	40232	398
49	42	1	178893	312	196380	149	188108	123	158578	65
76	42	5	217331	100	250454	81	249056	70	213804	32
103	42	10	225479	106	241106	67	258487	69	254842	53
130	42	15	226835	137	223000	129	263724	129	269009	117
157	42	20	185652	127	215541	146	237618	103	278342	152
184	42	25	148422	142	217399	150	221025	169	280304	198
211	42	30	116238	141	187290	175	223630	218	254824	232
238	42	35	92629	165	156780	210	220439	317	236585	295
265	42	40	80577	212	125038	275	184043	386	234200	404
292	42	45	66998	235	95411	339	151614	447	225071	596
319	42	50	58386	330	77553	401	118901	550	187597	752
346	42	55	46336	407	66147	545	89122	637	152906	924
373	42	60	36266	530	56788	635	74273	863	116561	1031
400	42	65	28047	600	42713	866	58571	1090	83975	1199
427	42	70	18142	794	29420	935	45097	1424	64645	1509
454	42	75	11163	821	19193	1065	29539	1478	45583	1708
481	42	80	8423	1215	16426	1907	28605	3073	51018	4971
23	43	0	92261	3078	88479	1568	84028	1191	62837	659
50	43	1	335281	489	350414	278	335611	223	253524	112
77	43	5	394926	179	463760	144	435517	121	354792	62
104	43	10	416453	175	445412	147	447830	114	423154	106
131	43	15	448182	308	400123	267	476039	222	433332	191
158	43	20	399419	297	396400	256	425617	254	433169	236
185	43	25	338113	340	420291	364	385613	283	448497	320
212	43	30	279317	399	387982	427	399452	447	409412	431
239	43	35	232411	519	343488	563	416749	594	379078	528
266	43	40	206504	674	288038	727	375372	849	391278	796
293	43	45	180666	855	229485	841	322803	1104	399833	1186
320	43	50	160282	1036	194979	1186	266468	1401	360676	1552
347	43	55	126279	1222	171934	1434	210557	1674	307163	2026
374	43	60	103925	1531	151833	1928	178496	2276	247908	2358
401	43	65	82776	1893	114285	2229	150460	2717	187741	2943
428	43	70	54763	2267	83959	2795	118850	3328	149150	3646
455	43	75	37162	2488	58256	3064	79381	3696	113162	4566
482	43	80	30086	4234	53507	6091	84236	9035	134166	13629
24	50	0	20723	718	20687	502	19252	427	19266	286
51	50	1	76817	144	82709	107	81103	88	74970	53
78	50	5	90484	52	106040	43	105709	21	96671	29
105	50	10	86482	40	103383	34	106529	37	109137	31
132	50	15	80892	74	93139	71	107930	75	111895	73
159	50	20	65894	65	84993	72	97172	73	108681	62
186	50	25	52976	70	82472	86	88050	71	109166	89
213	50	30	41771	81	69862	89	83574	93	101358	118
240	50	35	34871	90	57613	107	79665	141	92154	136
267	50	40	29524	94	44405	121	65959	166	85721	183
294	50	45	22791	99	35264	140	52411	193	79169	238
321	50	50	18157	106	27658	160	40443	196	65203	326
348	50	55	13570	117	22650	179	31855	264	52000	355
375	50	60	9931	130	17640	212	25799	315	39297	442
402	50	65	8165	160	12921	224	19681	345	29791	496
429	50	70	4832	189	8641	241	13832	374	22333	556
456	50	75	3098	181	6075	292	9067	362	15193	600
483	50	80	1937	237	5186	490	9946	927	17091	1676
25	51	0	18739	233	25192	328	23916	468	23478	309
52	51	1	70754	105	99940	93	100594	110	96351	82
79	51	5	79689	29	126709	48	131637	37	124140	43
106	51	10	72375	18	124228	50	133818	44	137391	40
133	51	15	65797	43	111409	64	133416	76	140078	63
160	51	20	54291	51	99127	70	123802	83	140398	91
187	51	25	42902	33	90930	85	110631	92	139966	102
214	51	30	33041	41	75239	79	101485	127	131763	151
241	51	35	26807	40	60547	96	90040	142	116423	163
268	51	40	22159	49	45016	108	72454	157	104299	222
295	51	45	16162	29	34305	110	55256	200	89384	265
322	51	50	12523	54	26213	114	41474	216	71659	314
349	51	55	8548	59	19844	130	31511	241	54498	352
376	51	60	7279	64	14798	150	24425	313	40117	393
403	51	65	5664	70	9954	170	17249	308	28934	470
430	51	70	3179	94	6454	140	11331	337	20638	532
457	51	75	2069	85	4313	207	6716	336	12993	552
484	51	80	1416	125	3785	344	7411	689	13076	1254
26	52	0	44709	1133	42830	672	45493	618	42490	505
53	52	1	172183	287	173746	140	190971	107	172600	95
80	52	5	203601	109	228622	56	238733	57	231094	59
107	52	10	200390	89	235007	68	244518	82	261006	62
134	52	15	188362	142	222656	128	260205	150	265128	134
161	52	20	154645	144	204716	127	254376	154	274901	195
188	52	25	123915	181	187942	153	229265	188	279332	217
215	52	30	97064	182	159024	197	214677	223	269702	302
242	52	35	82259	205	132497	227	192110	258	240988	314
269	52	40	69335	227	102673	278	157682	361	219502	446
296	52	45	53937	261	81332	268	125570	462	190374	554
323	52	50	43043	328	64211	424	98293	457	157108	709
350	52	55	32610	318	53127	455	75900	573	125245	905
377	52	60	24859	382	41550	582	62991	722	95602	943
404	52	65	19099	422	30048	638	46853	854	71156	1195
431	52	70	11556	473	19225	644	32101	929	53961	1490
458	52	75	7192	512	12989	680	20321	879	35252	1487
485	52	80	4893	517	11203	1167	20731	1895	36720	3505
27	53	0	19731	652	18167	374	20308	320	18674	259
54	53	1	65742	121	68169	69	78590	44	74468	31
81	53	5	68137	38	90466	28	94746	16	98880	29
108	53	10	68016	33	93144	25	95326	33	108112	24
135	53	15	74920	56	93640	57	117784	55	111954	35
162	53	20	71305	75	94499	59	123087	56	125420	59
189	53	25	60823	78	86536	88	106670	73	140920	75
216	53	30	47303	95	69427	93	95684	88	134291	101
243	53	35	35570	85	59246	118	84179	109	112672	116
270	53	40	28345	103	46137	130	67621	151	98974	170
297	53	45	19430	93	33867	147	54909	207	84568	201
324	53	50	15106	123	25353	156	41364	207	67172	256
351	53	55	10010	107	18268	180	28600	198	52544	284
378	53	60	7066	112	13291	216	22117	276	39078	298
405	53	65	5284	137	9166	199	14791	263	26915	390
432	53	70	2968	114	5809	161	10487	323	19893	409
459	53	75	1778	121	4045	221	6556	303	12412	459
486	53	80	1130	137	3314	356	6971	690	14333	1340
